1348974233000	1348902000000	21670614	3341.65941006114	667	47.6138916015625	-122.331169128418
1348974141000	1348902000000	21670614	2893.1275426111	695	47.6152153015137	-122.325897216797
1348974050000	1348902000000	21670614	2668.84392446923	664	47.6152305603027	-122.322944641113
1348973959000	1348902000000	21670614	2556.94329896277	603	47.6152305603027	-122.321487426758
1348973868000	1348902000000	21670614	2291.69921142278	582	47.6152534484863	-122.318046569824
1348973782000	1348902000000	21670614	1882.37410546007	597	47.6152839660645	-122.313201904297
1348973691000	1348902000000	21670614	1575.52721562018	597	47.6183013916016	-122.312744140625
1348973600000	1348902000000	21670614	1374.97225099987	558	47.6200561523438	-122.312721252441
1348973509000	1348902000000	21670614	1072.25900649407	509	47.6228904724121	-122.312629699707
1348973418000	1348902000000	21670614	620.57981586871	477	47.626880645752	-122.312568664551
1348973332000	1348902000000	21670614	135.296675333535	455	47.6315078735352	-122.312515258789
1348973242000	1348902000000	21670614	45.098891777845	377	47.6323890686035	-122.3125
1348973151000	1348902000000	21670614	37.5824098148732	287	47.6323890686035	-122.3125
1348973121000	1348902000000	21670614	323.208724407872	219	47.6297988891602	-122.312545776367
1348973080000	1348902000000	21670614	15.0329639259435	219	47.6323890686035	-122.3125
1350183771000	1350111600000	21670614	3390.21523679068	592	NULL	NULL
1350183743000	1350111600000	21670614	3390.21523679068	564	NULL	NULL
1350183715000	1350111600000	21670614	3158.64129392672	598	NULL	NULL
1350183673000	1350111600000	21670614	3158.64129392672	556	NULL	NULL
1350183645000	1350111600000	21670614	3042.85432249474	559	NULL	NULL
1350183617000	1350111600000	21670614	3001.76862295435	542	NULL	NULL
1350183589000	1350111600000	21670614	2964.35043782096	524	NULL	NULL
1350183561000	1350111600000	21670614	2818.15607396913	535	NULL	NULL
1350183533000	1350111600000	21670614	2493.19741847827	594	NULL	NULL
1350183505000	1350111600000	21670614	2493.19741847827	566	NULL	NULL
1350183470000	1350111600000	21670614	2493.19741847827	531	NULL	NULL
1350183442000	1350111600000	21670614	2493.19741847827	503	NULL	NULL
1350183407000	1350111600000	21670614	2493.19741847827	468	NULL	NULL
1350183379000	1350111600000	21670614	2493.19741847827	440	NULL	NULL
1350183351000	1350111600000	21670614	2493.19741847827	412	NULL	NULL
1350183323000	1350111600000	21670614	2242.73817536788	449	NULL	NULL
1350183295000	1350111600000	21670614	2136.65593058226	447	NULL	NULL
1350183253000	1350111600000	21670614	1912.2511819973	460	NULL	NULL
1350183225000	1350111600000	21670614	1895.93083664567	436	NULL	NULL
1350183197000	1350111600000	21670614	1783.0850530684	448	NULL	NULL
1350183169000	1350111600000	21670614	1549.2840898234	482	NULL	NULL
1350183141000	1350111600000	21670614	1356.73255702037	502	NULL	NULL
1350183113000	1350111600000	21670614	1356.73255702037	474	NULL	NULL
1350183084000	1350111600000	21670614	1356.73255702037	445	NULL	NULL
1350183043000	1350111600000	21670614	1356.73255702037	404	NULL	NULL
1350183015000	1350111600000	21670614	1140.29739340555	406	NULL	NULL
1350182986000	1350111600000	21670614	1064.69918572613	387	NULL	NULL
1350182959000	1350111600000	21670614	1019.6748569279	366	NULL	NULL
1350182930000	1350111600000	21670614	1012.19868511231	338	NULL	NULL
1350182903000	1350111600000	21670614	835.90875991738	334	NULL	NULL
1350182876000	1350111600000	21670614	735.67478382666	320	NULL	NULL
1350182832000	1350111600000	21670614	443.810699407841	314	NULL	NULL
1350182805000	1350111600000	21670614	330.725206370844	302	NULL	NULL
1350182776000	1350111600000	21670614	0	317	NULL	NULL
1350182748000	1350111600000	21670614	0	289	NULL	NULL
1350182721000	1350111600000	21670614	0	262	NULL	NULL
1350182692000	1350111600000	21670614	0	233	NULL	NULL
1350182665000	1350111600000	21670614	0	206	NULL	NULL
1350182623000	1350111600000	21670614	0	164	NULL	NULL
1350182601000	1350111600000	21670614	0	197	NULL	NULL
1350182573000	1350111600000	21670614	0	186	NULL	NULL
1350182531000	1350111600000	21670614	0	168	NULL	NULL
1350182510000	1350111600000	21670614	0	166	NULL	NULL
1350182475000	1350111600000	21670614	0	157	NULL	NULL
1350182447000	1350111600000	21670614	0	201	NULL	NULL
1350182419000	1350111600000	21670614	0	237	NULL	NULL
1350182393000	1350111600000	21670614	0	226	NULL	NULL
1350182363000	1350111600000	21670614	0	260	NULL	NULL
1350182329000	1350111600000	21670614	0	265	NULL	NULL
1350182300000	1350111600000	21670614	0	246	NULL	NULL
1350182272000	1350111600000	21670614	0	218	NULL	NULL
1350788051000	1350716400000	21670614	3177.3050051779	129	47.6147117614746	-122.329208374023
1350787960000	1350716400000	21670614	3009.22642576194	83	47.6152267456055	-122.327270507812
1350787869000	1350716400000	21670614	2668.84679390088	83	47.6152305603027	-122.322952270508
1350787778000	1350716400000	21670614	2421.90888569014	58	47.6152458190918	-122.319442749023
1350787687000	1350716400000	21670614	1965.31152022402	81	47.6152839660645	-122.314079284668
1350787602000	1350716400000	21670614	1579.32316797877	107	47.6183013916016	-122.312744140625
1350787511000	1350716400000	21670614	1344.59491953244	74	47.6205101013184	-122.312713623047
1350787419000	1350716400000	21670614	982.316266563532	31	47.6237297058105	-122.312614440918
1350787328000	1350716400000	21670614	443.832952381752	10	47.6323318481445	-122.3125
1350787303000	1350716400000	21670614	255.573662560491	10	47.6323585510254	-122.3125
1350787273000	1350716400000	21670614	30.0674897129938	10	47.6323890686035	-122.3125
1350787242000	1350716400000	21670614	0	478	47.6341171264648	-122.312614440918
1351392944000	1351321200000	21670614	3121.27881203925	237	47.6149101257324	-122.328742980957
1351392853000	1351321200000	21670614	2904.36449391942	204	47.6152153015137	-122.326202392578
1351392767000	1351321200000	21670614	2504.46286896616	225	47.6152381896973	-122.320159912109
1351392677000	1351321200000	21670614	2316.18523347647	185	47.6152534484863	-122.318298339844
1351392586000	1351321200000	21670614	1944.9118857326	185	47.6152839660645	-122.313697814941
1351392495000	1351321200000	21670614	1404.38216376907	247	47.6199684143066	-122.312721252441
1351392404000	1351321200000	21670614	1291.51594195212	175	47.6208419799805	-122.312690734863
1351392313000	1351321200000	21670614	890.794737164746	137	47.6244087219238	-122.312599182129
1351392277000	1351321200000	21670614	248.05679013225	185	47.6323585510254	-122.3125
1351392247000	1351321200000	21670614	22.5506172847527	185	47.6323890686035	-122.3125
1351392227000	1351321200000	21670614	0	620	47.6326026916504	-122.312492370605
1351996831000	1351926000000	21670614	0	0	47.6323890686035	-122.3125
1351996831000	1351926000000	21670614	0	0	47.6323890686035	-122.3125
1351996862000	1351926000000	21670614	22.5506172847527	0	47.6323890686035	-122.3125
1351996862000	1351926000000	21670614	22.5494458889152	0	47.6323890686035	-122.3125
1351996897000	1351926000000	21670614	285.6411522735	0	47.6323585510254	-122.3125
1351996897000	1351926000000	21670614	285.626314592999	0	47.6323585510254	-122.3125
1351996922000	1351926000000	21670614	474.575400324786	0	47.6282501220703	-122.312561035156
1351996922000	1351926000000	21670614	474.553154444511	0	47.6282501220703	-122.312561035156
1351996952000	1351926000000	21670614	705.008624014095	0	47.6261787414551	-122.312576293945
1351996952000	1351926000000	21670614	704.986396912718	0	47.6261787414551	-122.312576293945
1351996988000	1351926000000	21670614	643.631836834771	44	47.6266822814941	-122.312568664551
1351996988000	1351926000000	21670614	643.609623084849	44	47.6266822814941	-122.312568664551
1351997079000	1351926000000	21670614	1223.47757829388	59	47.6215171813965	-122.312660217285
1351997079000	1351926000000	21670614	1223.45542185291	59	47.6215171813965	-122.312660217285
1351997170000	1351926000000	21670614	1586.8707282645	73	47.6181678771973	-122.312744140625
1351997170000	1351926000000	21670614	1586.84855220826	73	47.6181678771973	-122.312744140625
1351997261000	1351926000000	21670614	1891.8728360549	73	47.6152839660645	-122.31330871582
1351997261000	1351926000000	21670614	1891.85075030776	73	47.6152839660645	-122.31330871582
1351997352000	1351926000000	21670614	2406.89907054904	36	47.6152458190918	-122.319129943848
1351997352000	1351926000000	21670614	2406.89246567602	36	47.6152458190918	-122.319129943848
1351997437000	1351926000000	21670614	2672.57662138561	50	47.6152305603027	-122.323104858398
1351997437000	1351926000000	21670614	2672.57394531944	50	47.6152305603027	-122.323104858398
1351997528000	1351926000000	21670614	3166.09976655016	9	47.6147193908691	-122.329193115234
1351997528000	1351926000000	21670614	3166.11142111587	9	47.6147193908691	-122.329193115234
1352606209000	1352534400000	21670614	3154.89452792244	293	NULL	NULL
1352606195000	1352534400000	21670614	3020.44394092725	315	NULL	NULL
1352606181000	1352534400000	21670614	2941.84848203584	322	NULL	NULL
1352606153000	1352534400000	21670614	2844.39608799381	320	NULL	NULL
1352606153000	1352534400000	21670614	2844.39011293314	320	NULL	NULL
1352606125000	1352534400000	21670614	2717.33419552202	326	NULL	NULL
1352606125000	1352534400000	21670614	2717.3345512024	326	NULL	NULL
1352606097000	1352534400000	21670614	2496.94980773053	357	NULL	NULL
1352606083000	1352534400000	21670614	2496.95796139562	343	NULL	NULL
1352606069000	1352534400000	21670614	2496.94980773053	329	NULL	NULL
1352606055000	1352534400000	21670614	2331.84999484358	359	NULL	NULL
1352606041000	1352534400000	21670614	2152.97627593389	389	NULL	NULL
1352606026000	1352534400000	21670614	2079.54947337598	392	NULL	NULL
1352606013000	1352534400000	21670614	1912.2511819973	420	NULL	NULL
1352605999000	1352534400000	21670614	1796.05141448947	446	NULL	NULL
1352605985000	1352534400000	21670614	1643.45523514869	473	NULL	NULL
1352605971000	1352534400000	21670614	1541.87425494353	486	NULL	NULL
1352605943000	1352534400000	21670614	1534.42007602873	460	NULL	NULL
1352605943000	1352534400000	21670614	1534.44225001518	460	NULL	NULL
1352605915000	1352534400000	21670614	1534.42007602873	432	NULL	NULL
1352605915000	1352534400000	21670614	1534.44225001518	432	NULL	NULL
1352605894000	1352534400000	21670614	1534.42007602873	411	NULL	NULL
1352605873000	1352534400000	21670614	1362.83463334899	433	NULL	NULL
1352605859000	1352534400000	21670614	1362.81245501354	419	NULL	NULL
1352605845000	1352534400000	21670614	1362.83463334899	405	NULL	NULL
1352605824000	1352534400000	21670614	1215.89560108497	405	NULL	NULL
1352605824000	1352534400000	21670614	1215.91776010963	405	NULL	NULL
1352605796000	1352534400000	21670614	1117.61793110172	390	NULL	NULL
1352605796000	1352534400000	21670614	1117.64012371439	390	NULL	NULL
1352605768000	1352534400000	21670614	1034.62720055907	373	NULL	NULL
1352605754000	1352534400000	21670614	922.145431399476	374	NULL	NULL
1352605740000	1352534400000	21670614	922.123125538914	360	NULL	NULL
1352605726000	1352534400000	21670614	820.255675136606	359	NULL	NULL
1352605711000	1352534400000	21670614	674.298009998791	363	NULL	NULL
1352605698000	1352534400000	21670614	513.003460253574	371	NULL	NULL
1352605684000	1352534400000	21670614	443.810699407841	366	NULL	NULL
1352605670000	1352534400000	21670614	330.742386842991	367	NULL	NULL
1352605656000	1352534400000	21670614	323.208724407872	354	NULL	NULL
1352605642000	1352534400000	21670614	217.989300419242	354	NULL	NULL
1352605614000	1352534400000	21670614	0	765	NULL	NULL
1352605614000	1352534400000	21670614	0	765	NULL	NULL
1352605586000	1352534400000	21670614	0	737	NULL	NULL
1352605586000	1352534400000	21670614	0	737	NULL	NULL
1352605558000	1352534400000	21670614	0	709	NULL	NULL
1352605544000	1352534400000	21670614	0	695	NULL	NULL
1352605530000	1352534400000	21670614	0	681	NULL	NULL
1352605516000	1352534400000	21670614	0	667	NULL	NULL
1352605502000	1352534400000	21670614	0	653	NULL	NULL
1352605487000	1352534400000	21670614	0	639	NULL	NULL
1352605475000	1352534400000	21670614	0	634	NULL	NULL
1353210984000	1353139200000	21670614	3352.86460084488	215	47.6139717102051	-122.330978393555
1353210984000	1353139200000	21670614	3352.85374367901	215	47.6139717102051	-122.330978393555
1353210894000	1353139200000	21670614	3139.96597595382	182	47.614875793457	-122.328819274902
1353210894000	1353139200000	21670614	3139.95420975213	182	47.614875793457	-122.328819274902
1353210803000	1353139200000	21670614	2583.05344491427	240	47.6152267456055	-122.321754455566
1353210803000	1353139200000	21670614	2583.06076175203	240	47.6152267456055	-122.321754455566
1353210712000	1353139200000	21670614	2316.17972945022	220	47.6152534484863	-122.318481445312
1353210712000	1353139200000	21670614	2316.18523347647	220	47.6152534484863	-122.318481445312
1353210621000	1353139200000	21670614	1944.89187270057	220	47.6152839660645	-122.313804626465
1353210621000	1353139200000	21670614	1944.9118857326	220	47.6152839660645	-122.313804626465
1353210535000	1353139200000	21670614	1437.80398636337	278	47.6195983886719	-122.312721252441
1353210535000	1353139200000	21670614	1437.82618594664	278	47.6195983886719	-122.312721252441
1353210444000	1353139200000	21670614	1147.85721417349	234	47.6223258972168	-122.312637329102
1353210444000	1353139200000	21670614	1147.87939645139	234	47.6223258972168	-122.312637329102
1353210353000	1353139200000	21670614	804.723654383022	188	47.6253509521484	-122.312591552734
1353210353000	1353139200000	21670614	804.745903180505	188	47.6253509521484	-122.312591552734
1353210323000	1353139200000	21670614	1170.53667647732	110	47.6218299865723	-122.312644958496
1353210323000	1353139200000	21670614	1170.55885100414	110	47.6218299865723	-122.312644958496
1353210297000	1353139200000	21670614	974.817826034385	110	47.6238555908203	-122.312614440918
1353210297000	1353139200000	21670614	974.840100619898	110	47.6238555908203	-122.312614440918
1353210262000	1353139200000	21670614	704.986396912718	110	47.6323890686035	-122.312599182129
1353210262000	1353139200000	21670614	705.008624014095	110	47.6323890686035	-122.312599182129
1353210171000	1353139200000	21670614	15.0329639259435	110	47.6323890686035	-122.312599182129
1353210171000	1353139200000	21670614	15.0337448564969	110	47.6323890686035	-122.312599182129
1353814963000	1353744000000	21670614	720.330590369689	9	47.6254043579102	-122.312591552734
1353814963000	1353744000000	21670614	720.330590369689	9	47.6254043579102	-122.312591552734
1353814877000	1353744000000	21670614	67.6483376667602	9	47.6323852539062	-122.3125
1353814877000	1353744000000	21670614	67.6483376667602	9	47.6323852539062	-122.3125
1353814786000	1353744000000	21670614	0	0	47.6323890686035	-122.3125
1353814786000	1353744000000	21670614	0	0	47.6323890686035	-122.3125
1353814694000	1353744000000	21670614	0	0	47.6323890686035	-122.3125
1353814694000	1353744000000	21670614	0	0	47.6323890686035	-122.3125
1353814679000	1353744000000	21670614	0	0	47.6323890686035	-122.3125
1353814649000	1353744000000	21670614	0	0	47.6323890686035	-122.3125
1353814649000	1353744000000	21670614	0	0	47.6323890686035	-122.3125
1353814619000	1353744000000	21670614	0	0	47.6323890686035	-122.3125
1353814619000	1353744000000	21670614	0	0	47.6323890686035	-122.3125
1353814604000	1353744000000	21670614	0	212	47.6330184936523	-122.312492370605
1353815686000	1353744000000	21670614	3308.04383770992	129	47.6141738891602	-122.330497741699
1353815686000	1353744000000	21670614	3308.04383770992	129	47.6141738891602	-122.330497741699
1353815595000	1353744000000	21670614	2968.09901125306	129	47.6152229309082	-122.32698059082
1353815595000	1353744000000	21670614	2968.09901125306	129	47.6152229309082	-122.32698059082
1353815504000	1353744000000	21670614	2556.94329896277	148	47.6152305603027	-122.321487426758
1353815504000	1353744000000	21670614	2556.94329896277	148	47.6152305603027	-122.321487426758
1353815418000	1353744000000	21670614	2343.10184838741	119	47.6152534484863	-122.318481445312
1353815418000	1353744000000	21670614	2343.10184838741	119	47.6152534484863	-122.318481445312
1353815327000	1353744000000	21670614	2108.09532621689	86	47.6152725219727	-122.315635681152
1353815327000	1353744000000	21670614	2108.09532621689	86	47.6152725219727	-122.315635681152
1353815236000	1353744000000	21670614	1866.18442993073	57	47.615406036377	-122.312767028809
1353815236000	1353744000000	21670614	1866.18442993073	57	47.615406036377	-122.312767028809
1353815145000	1353744000000	21670614	1404.35995532537	97	47.6198043823242	-122.312721252441
1353815145000	1353744000000	21670614	1404.35995532537	97	47.6198043823242	-122.312721252441
1353815054000	1353744000000	21670614	1185.65631801319	39	47.6217765808105	-122.312652587891
1353815054000	1353744000000	21670614	1185.65631801319	39	47.6217765808105	-122.312652587891
1354420820000	1354348800000	21670614	3390.21523679068	441	NULL	NULL
1354420820000	1354348800000	21670614	3390.21523679068	441	NULL	NULL
1354420792000	1354348800000	21670614	3390.21523679068	413	NULL	NULL
1354420792000	1354348800000	21670614	3390.21523679068	413	NULL	NULL
1354420736000	1354348800000	21670614	3390.21523679068	357	NULL	NULL
1354420736000	1354348800000	21670614	3390.21523679068	357	NULL	NULL
1354420708000	1354348800000	21670614	3390.21523679068	329	NULL	NULL
1354420708000	1354348800000	21670614	3390.21523679068	329	NULL	NULL
1354420680000	1354348800000	21670614	3390.21523679068	301	NULL	NULL
1354420680000	1354348800000	21670614	3390.21523679068	301	NULL	NULL
1354420652000	1354348800000	21670614	3166.11142111587	333	NULL	NULL
1354420652000	1354348800000	21670614	3166.11142111587	333	NULL	NULL
1354420610000	1354348800000	21670614	3087.67508562969	312	NULL	NULL
1354420610000	1354348800000	21670614	3087.67508562969	312	NULL	NULL
1354420582000	1354348800000	21670614	2960.60186438885	318	NULL	NULL
1354420582000	1354348800000	21670614	2960.60186438885	318	NULL	NULL
1354420554000	1354348800000	21670614	2881.8818223148	311	NULL	NULL
1354420554000	1354348800000	21670614	2881.8818223148	311	NULL	NULL
1354420526000	1354348800000	21670614	2848.14466142592	292	NULL	NULL
1354420526000	1354348800000	21670614	2848.14466142592	292	NULL	NULL
1354420498000	1354348800000	21670614	2806.91035367284	275	NULL	NULL
1354420498000	1354348800000	21670614	2806.91035367284	275	NULL	NULL
1354420470000	1354348800000	21670614	2709.8741538216	273	NULL	NULL
1354420470000	1354348800000	21670614	2709.8741538216	273	NULL	NULL
1354420442000	1354348800000	21670614	2493.19741847827	303	NULL	NULL
1354420442000	1354348800000	21670614	2493.19741847827	303	NULL	NULL
1354420407000	1354348800000	21670614	2493.19741847827	268	NULL	NULL
1354420407000	1354348800000	21670614	2493.19741847827	268	NULL	NULL
1354420379000	1354348800000	21670614	2328.09229137831	284	NULL	NULL
1354420379000	1354348800000	21670614	2328.09229137831	284	NULL	NULL
1354420351000	1354348800000	21670614	2169.29662128552	295	NULL	NULL
1354420351000	1354348800000	21670614	2169.29662128552	295	NULL	NULL
1354420309000	1354348800000	21670614	2038.73385847245	285	NULL	NULL
1354420309000	1354348800000	21670614	2038.73385847245	285	NULL	NULL
1354420281000	1354348800000	21670614	1863.48615067583	303	NULL	NULL
1354420281000	1354348800000	21670614	1863.48615067583	303	NULL	NULL
1354420253000	1354348800000	21670614	1823.01196185248	290	NULL	NULL
1354420253000	1354348800000	21670614	1823.01196185248	290	NULL	NULL
1354420225000	1354348800000	21670614	1756.66860102954	283	NULL	NULL
1354420225000	1354348800000	21670614	1756.66860102954	283	NULL	NULL
1354420197000	1354348800000	21670614	1356.73255702037	358	NULL	NULL
1354420197000	1354348800000	21670614	1356.73255702037	358	NULL	NULL
1354420169000	1354348800000	21670614	1356.73255702037	330	NULL	NULL
1354420169000	1354348800000	21670614	1356.73255702037	330	NULL	NULL
1354420141000	1354348800000	21670614	1356.73255702037	302	NULL	NULL
1354420141000	1354348800000	21670614	1356.73255702037	302	NULL	NULL
1354420099000	1354348800000	21670614	1193.21613878114	283	NULL	NULL
1354420099000	1354348800000	21670614	1193.21613878114	283	NULL	NULL
1354420071000	1354348800000	21670614	982.293997849963	283	NULL	NULL
1354420071000	1354348800000	21670614	982.293997849963	283	NULL	NULL
1354420043000	1354348800000	21670614	914.285455936959	264	NULL	NULL
1354420043000	1354348800000	21670614	914.285455936959	264	NULL	NULL
1354420015000	1354348800000	21670614	898.610116733034	238	NULL	NULL
1354420015000	1354348800000	21670614	898.610116733034	238	NULL	NULL
1354419987000	1354348800000	21670614	867.2594383252	214	NULL	NULL
1354419987000	1354348800000	21670614	867.2594383252	214	NULL	NULL
1354419959000	1354348800000	21670614	743.346880555138	202	NULL	NULL
1354419959000	1354348800000	21670614	743.346880555138	202	NULL	NULL
1354419931000	1354348800000	21670614	559.094905795369	198	NULL	NULL
1354419931000	1354348800000	21670614	559.094905795369	198	NULL	NULL
1354419889000	1354348800000	21670614	285.626314592999	192	NULL	NULL
1354419889000	1354348800000	21670614	285.626314592999	192	NULL	NULL
1354419861000	1354348800000	21670614	7.51648196297174	201	NULL	NULL
1354419861000	1354348800000	21670614	7.51648196297174	201	NULL	NULL
1354419819000	1354348800000	21670614	0	160	NULL	NULL
1354419819000	1354348800000	21670614	0	160	NULL	NULL
1354419805000	1354348800000	21670614	0	146	NULL	NULL
1354419805000	1354348800000	21670614	0	146	NULL	NULL
1354419756000	1354348800000	21670614	0	97	NULL	NULL
1354419756000	1354348800000	21670614	0	97	NULL	NULL
1354419735000	1354348800000	21670614	0	76	NULL	NULL
1354419735000	1354348800000	21670614	0	76	NULL	NULL
1354419721000	1354348800000	21670614	0	109	NULL	NULL
1354419721000	1354348800000	21670614	0	109	NULL	NULL
1354419679000	1354348800000	21670614	0	98	NULL	NULL
1354419679000	1354348800000	21670614	0	98	NULL	NULL
1354419651000	1354348800000	21670614	0	94	NULL	NULL
1354419651000	1354348800000	21670614	0	94	NULL	NULL
1354419616000	1354348800000	21670614	0	84	NULL	NULL
1354419616000	1354348800000	21670614	0	84	NULL	NULL
1354419602000	1354348800000	21670614	0	82	NULL	NULL
1354419602000	1354348800000	21670614	0	82	NULL	NULL
1354419567000	1354348800000	21670614	0	131	NULL	NULL
1354419567000	1354348800000	21670614	0	131	NULL	NULL
1354419539000	1354348800000	21670614	0	169	NULL	NULL
1354419539000	1354348800000	21670614	0	169	NULL	NULL
1354419511000	1354348800000	21670614	0	199	NULL	NULL
1354419511000	1354348800000	21670614	0	199	NULL	NULL
1354419469000	1354348800000	21670614	0	217	NULL	NULL
1354419469000	1354348800000	21670614	0	217	NULL	NULL
1354419441000	1354348800000	21670614	0	210	NULL	NULL
1354419441000	1354348800000	21670614	0	210	NULL	NULL
1355025414000	1354953600000	21670614	3184.78673908877	290	47.614631652832	-122.329406738281
1355025414000	1354953600000	21670614	3184.78673908877	290	47.614631652832	-122.329406738281
1355025323000	1354953600000	21670614	2844.39608799381	290	47.6152191162109	-122.325309753418
1355025323000	1354953600000	21670614	2844.39608799381	290	47.6152191162109	-122.325309753418
1355025232000	1354953600000	21670614	2440.66396894646	307	47.6152458190918	-122.319602966309
1355025232000	1354953600000	21670614	2440.66396894646	307	47.6152458190918	-122.319602966309
1355025141000	1354953600000	21670614	2136.65593058226	293	47.6152687072754	-122.31615447998
1355025141000	1354953600000	21670614	2136.65593058226	293	47.6152687072754	-122.31615447998
1355025055000	1354953600000	21670614	1882.37410546007	270	47.6152877807617	-122.312843322754
1355025055000	1354953600000	21670614	1882.37410546007	270	47.6152877807617	-122.312843322754
1355024964000	1354953600000	21670614	1387.1320469862	320	47.6201210021973	-122.312713623047
1355024964000	1354953600000	21670614	1387.1320469862	320	47.6201210021973	-122.312713623047
1355024873000	1354953600000	21670614	1208.33578031702	255	47.6217231750488	-122.312652587891
1355024873000	1354953600000	21670614	1208.33578031702	255	47.6217231750488	-122.312652587891
1355024782000	1354953600000	21670614	974.817826034385	195	47.6237373352051	-122.312614440918
1355024782000	1354953600000	21670614	974.817826034385	195	47.6237373352051	-122.312614440918
1355024742000	1354953600000	21670614	263.076868704084	248	47.6323585510254	-122.3125
1355024742000	1354953600000	21670614	263.076868704084	248	47.6323585510254	-122.3125
1355024711000	1354953600000	21670614	30.0659278519015	248	47.6323890686035	-122.3125
1355024711000	1354953600000	21670614	30.0659278519015	248	47.6323890686035	-122.3125
1355024691000	1354953600000	21670614	0	692	47.632755279541	-122.312492370605
1355024691000	1354953600000	21670614	0	692	47.632755279541	-122.312492370605
1355630072000	1355558400000	21670614	3158.64129392672	155	47.6147537231445	-122.329109191895
1355630072000	1355558400000	21670614	3158.64129392672	155	47.6147537231445	-122.329109191895
1355629981000	1355558400000	21670614	3001.76862295435	106	47.6152267456055	-122.327270507812
1355629981000	1355558400000	21670614	3001.76862295435	106	47.6152267456055	-122.327270507812
1355629890000	1355558400000	21670614	2661.3838827688	106	47.6152305603027	-122.322860717773
1355629890000	1355558400000	21670614	2661.3838827688	106	47.6152305603027	-122.322860717773
1355629805000	1355558400000	21670614	2343.10184838741	106	47.6152534484863	-122.318481445312
1355629805000	1355558400000	21670614	2343.10184838741	106	47.6152534484863	-122.318481445312
1355629714000	1355558400000	21670614	1879.67582620517	130	47.6152839660645	-122.313148498535
1355629714000	1355558400000	21670614	1879.67582620517	130	47.6152839660645	-122.313148498535
1355629623000	1355558400000	21670614	1571.75343675748	130	47.6183013916016	-122.312744140625
1355629623000	1355558400000	21670614	1571.75343675748	130	47.6183013916016	-122.312744140625
1355629532000	1355558400000	21670614	997.24634148115	142	47.6235580444336	-122.312622070312
1355629532000	1355558400000	21670614	997.24634148115	142	47.6235580444336	-122.312622070312
1355629441000	1355558400000	21670614	612.894202109543	101	47.6269607543945	-122.312568664551
1355629441000	1355558400000	21670614	612.894202109543	101	47.6269607543945	-122.312568664551
1355629406000	1355558400000	21670614	240.527422815154	115	47.6323585510254	-122.3125
1355629406000	1355558400000	21670614	240.527422815154	115	47.6323585510254	-122.3125
1355629375000	1355558400000	21670614	7.51648196297174	115	47.6323890686035	-122.3125
1355629375000	1355558400000	21670614	7.51648196297174	115	47.6323890686035	-122.3125
1355629355000	1355558400000	21670614	0	600	47.6341285705566	-122.312225341797
1356234888000	1356163200000	21670614	3281.89839254785	138	47.6142196655273	-122.330383300781
1356234888000	1356163200000	21670614	3281.89839254785	138	47.6142196655273	-122.330383300781
1356234852000	1356163200000	21670614	3237.0776294129	114	47.6144409179688	-122.329864501953
1356234852000	1356163200000	21670614	3237.0776294129	114	47.6144409179688	-122.329864501953
1356234822000	1356163200000	21670614	3125.0257215755	114	47.6149253845215	-122.32869720459
1356234822000	1356163200000	21670614	3125.0257215755	114	47.6149253845215	-122.32869720459
1356234792000	1356163200000	21670614	3012.97381373809	114	47.6152305603027	-122.327491760254
1356234792000	1356163200000	21670614	3012.97381373809	114	47.6152305603027	-122.327491760254
1356234761000	1356163200000	21670614	2896.87611604319	114	47.6152153015137	-122.326019287109
1356234761000	1356163200000	21670614	2896.87611604319	114	47.6152153015137	-122.326019287109
1356234731000	1356163200000	21670614	2784.4745708259	114	47.6152229309082	-122.324516296387
1356234731000	1356163200000	21670614	2784.4745708259	114	47.6152229309082	-122.324516296387
1356234695000	1356163200000	21670614	2650.19382021815	114	47.6152458190918	-122.319198608398
1356234695000	1356163200000	21670614	2650.19382021815	114	47.6152458190918	-122.319198608398
1356234620000	1356163200000	21670614	2369.3685731533	114	47.6152458190918	-122.319198608398
1356234620000	1356163200000	21670614	2369.3685731533	114	47.6152458190918	-122.319198608398
1356234529000	1356163200000	21670614	2002.01308143127	114	47.6152801513672	-122.314468383789
1356234529000	1356163200000	21670614	2002.01308143127	114	47.6152801513672	-122.314468383789
1356234438000	1356163200000	21670614	1847.29647514649	66	47.6155319213867	-122.312767028809
1356234438000	1356163200000	21670614	1847.29647514649	66	47.6155319213867	-122.312767028809
1356234352000	1356163200000	21670614	1332.41296504771	117	47.620662689209	-122.312698364258
1356234352000	1356163200000	21670614	1332.41296504771	117	47.620662689209	-122.312698364258
1356234261000	1356163200000	21670614	997.24634148115	71	47.6236915588379	-122.312614440918
1356234261000	1356163200000	21670614	997.24634148115	71	47.6236915588379	-122.312614440918
1356234221000	1356163200000	21670614	240.527422815154	130	47.6323585510254	-122.3125
1356234221000	1356163200000	21670614	240.527422815154	130	47.6323585510254	-122.3125
1356234190000	1356163200000	21670614	7.51648196297174	130	47.6323890686035	-122.3125
1356234190000	1356163200000	21670614	7.51648196297174	130	47.6323890686035	-122.3125
1356234170000	1356163200000	21670614	0	568	47.6327209472656	-122.312492370605
1356234170000	1356163200000	21670614	0	568	47.6327209472656	-122.312492370605
1356839582000	1356768000000	21670614	3229.60750222373	46	47.6143608093262	-122.330047607422
1356839582000	1356768000000	21670614	3229.60750222373	46	47.6143608093262	-122.330047607422
1356839496000	1356768000000	21670614	2908.12183633949	46	47.6152153015137	-122.326034545898
1356839496000	1356768000000	21670614	2908.12183633949	46	47.6152153015137	-122.326034545898
1356839404000	1356768000000	21670614	2564.40334066321	46	47.6152305603027	-122.321487426758
1356839404000	1356768000000	21670614	2564.40334066321	46	47.6152305603027	-122.321487426758
1356839313000	1356768000000	21670614	2075.45463551363	80	47.6152763366699	-122.315002441406
1356839313000	1356768000000	21670614	2075.45463551363	80	47.6152763366699	-122.315002441406
1356839222000	1356768000000	21670614	1756.66860102954	80	47.6165733337402	-122.312759399414
1356839222000	1356768000000	21670614	1756.66860102954	80	47.6165733337402	-122.312759399414
1356839131000	1356768000000	21670614	1320.25316906138	98	47.6205101013184	-122.312713623047
1356839131000	1356768000000	21670614	1320.25316906138	98	47.6205101013184	-122.312713623047
1356839045000	1356768000000	21670614	875.097107927169	71	47.6248207092285	-122.312599182129
1356839045000	1356768000000	21670614	875.097107927169	71	47.6248207092285	-122.312599182129
1356838954000	1356768000000	21670614	30.0659278519015	91	47.6323890686035	-122.3125
1356838954000	1356768000000	21670614	30.0659278519015	91	47.6323890686035	-122.3125
1356838863000	1356768000000	21670614	22.5494458889152	1	47.6323890686035	-122.3125
1356838863000	1356768000000	21670614	22.5494458889152	1	47.6323890686035	-122.3125
1356838772000	1356768000000	21670614	0	0	47.6323890686035	-122.3125
1356838772000	1356768000000	21670614	0	0	47.6323890686035	-122.3125
1356838686000	1356768000000	21670614	0	0	47.6323890686035	-122.3125
1356838686000	1356768000000	21670614	0	0	47.6323890686035	-122.3125
1356838595000	1356768000000	21670614	0	0	47.6323890686035	-122.3125
1356838595000	1356768000000	21670614	0	0	47.6323890686035	-122.3125
1356838504000	1356768000000	21670614	0	0	47.6323890686035	-122.3125
1356838504000	1356768000000	21670614	0	0	47.6323890686035	-122.3125
1357444508000	1357372800000	21670614	3203.46205706168	179	47.6144485473633	-122.329849243164
1357444508000	1357372800000	21670614	3203.46205706168	179	47.6144485473633	-122.329849243164
1357444417000	1357372800000	21670614	2691.22404957052	225	47.6152305603027	-122.323379516602
1357444417000	1357372800000	21670614	2691.22404957052	225	47.6152305603027	-122.323379516602
1357444331000	1357372800000	21670614	2466.93069371236	199	47.6152381896973	-122.320182800293
1357444331000	1357372800000	21670614	2466.93069371236	199	47.6152381896973	-122.320182800293
1357444240000	1357372800000	21670614	2181.53688029925	181	47.6152687072754	-122.316184997559
1357444240000	1357372800000	21670614	2181.53688029925	181	47.6152687072754	-122.316184997559
1357444149000	1357372800000	21670614	1836.50335812692	181	47.6157112121582	-122.312767028809
1357444149000	1357372800000	21670614	1836.50335812692	181	47.6157112121582	-122.312767028809
1357444058000	1357372800000	21670614	1400.6439518767	211	47.6198043823242	-122.312721252441
1357444058000	1357372800000	21670614	1400.6439518767	211	47.6198043823242	-122.312721252441
1357443967000	1357372800000	21670614	1178.09649724526	153	47.621768951416	-122.312652587891
1357443967000	1357372800000	21670614	1178.09649724526	153	47.621768951416	-122.312652587891
1357443882000	1357372800000	21670614	989.770169665557	93	47.6237983703613	-122.312614440918
1357443882000	1357372800000	21670614	989.770169665557	93	47.6237983703613	-122.312614440918
1357443791000	1357372800000	21670614	375.824098148689	82	47.6292686462402	-122.312553405762
1357443791000	1357372800000	21670614	375.824098148689	82	47.6292686462402	-122.312553405762
1358049125000	1357977600000	21670614	3158.64129392672	8	47.6146697998047	-122.329315185547
1358049125000	1357977600000	21670614	3158.64129392672	8	47.6146697998047	-122.329315185547
1358049034000	1357977600000	21670614	2885.63039574689	-10	47.6152153015137	-122.326286315918
1358049034000	1357977600000	21670614	2885.63039574689	-10	47.6152153015137	-122.326286315918
1358048949000	1357977600000	21670614	2568.13336151342	-10	47.6152305603027	-122.321487426758
1358048949000	1357977600000	21670614	2568.13336151342	-10	47.6152305603027	-122.321487426758
1358048858000	1357977600000	21670614	2343.10184838741	-41	47.6152534484863	-122.318481445312
1358048858000	1357977600000	21670614	2343.10184838741	-41	47.6152534484863	-122.318481445312
1358048767000	1357977600000	21670614	1973.45247706592	-41	47.6152839660645	-122.314109802246
1358048767000	1357977600000	21670614	1973.45247706592	-41	47.6152839660645	-122.314109802246
1358048676000	1357977600000	21670614	1493.54403809339	4	47.6189765930176	-122.31273651123
1358048676000	1357977600000	21670614	1493.54403809339	4	47.6189765930176	-122.31273651123
1358048586000	1357977600000	21670614	1110.05811033378	-19	47.623161315918	-122.312629699707
1358048586000	1357977600000	21670614	1110.05811033378	-19	47.623161315918	-122.312629699707
1358048495000	1357977600000	21670614	413.406507963562	-19	47.6286659240723	-122.312561035156
1358048495000	1357977600000	21670614	413.406507963562	-19	47.6286659240723	-122.312561035156
1358048470000	1357977600000	21670614	82.6813015927182	0	47.6319923400879	-122.312507629395
1358048470000	1357977600000	21670614	82.6813015927182	0	47.6319923400879	-122.312507629395
1358048439000	1357977600000	21670614	0	0	47.6323890686035	-122.3125
1358048439000	1357977600000	21670614	0	0	47.6323890686035	-122.3125
1358654032000	1358582400000	21670614	3162.37635752129	114	47.614688873291	-122.32926940918
1358654032000	1358582400000	21670614	3162.37635752129	114	47.614688873291	-122.32926940918
1358653941000	1358582400000	21670614	2896.87611604319	94	47.6152153015137	-122.326148986816
1358653941000	1358582400000	21670614	2896.87611604319	94	47.6152153015137	-122.326148986816
1358653849000	1358582400000	21670614	2553.21327811255	94	47.6152305603027	-122.321487426758
1358653849000	1358582400000	21670614	2553.21327811255	94	47.6152305603027	-122.321487426758
1358653763000	1358582400000	21670614	2474.43547221691	29	47.6152381896973	-122.320236206055
1358653763000	1358582400000	21670614	2474.43547221691	29	47.6152381896973	-122.320236206055
1358653672000	1358582400000	21670614	2014.25334044501	54	47.6152801513672	-122.314544677734
1358653672000	1358582400000	21670614	2014.25334044501	54	47.6152801513672	-122.314544677734
1358653581000	1358582400000	21670614	1831.10679961715	15	47.6157989501953	-122.312767028809
1358653581000	1358582400000	21670614	1831.10679961715	15	47.6157989501953	-122.312767028809
1358653490000	1358582400000	21670614	1208.33578031702	72	47.6215858459473	-122.312652587891
1358653490000	1358582400000	21670614	1208.33578031702	72	47.6215858459473	-122.312652587891
1358653399000	1358582400000	21670614	820.233420713455	32	47.6250267028809	-122.312591552734
1358653399000	1358582400000	21670614	820.233420713455	32	47.6250267028809	-122.312591552734
1358653313000	1358582400000	21670614	413.406507963562	-1	47.6288719177246	-122.312553405762
1358653313000	1358582400000	21670614	413.406507963562	-1	47.6288719177246	-122.312553405762
1358653223000	1358582400000	21670614	0	0	47.6323890686035	-122.3125
1358653223000	1358582400000	21670614	0	0	47.6323890686035	-122.3125
1359258800000	1359187200000	21670614	3244.54775660206	60	47.6143188476562	-122.330154418945
1359258800000	1359187200000	21670614	3244.54775660206	60	47.6143188476562	-122.330154418945
1359258710000	1359187200000	21670614	2908.12183633949	60	47.6152153015137	-122.326126098633
1359258710000	1359187200000	21670614	2908.12183633949	60	47.6152153015137	-122.326126098633
1359258684000	1359187200000	21670614	2863.13895515431	46	47.6152191162109	-122.325622558594
1359258684000	1359187200000	21670614	2863.13895515431	46	47.6152191162109	-122.325622558594
1359258654000	1359187200000	21670614	2750.90438317395	46	47.6152267456055	-122.324111938477
1359258654000	1359187200000	21670614	2750.90438317395	46	47.6152267456055	-122.324111938477
1359258528000	1359187200000	21670614	2275.37886607114	46	47.6152572631836	-122.317832946777
1359258528000	1359187200000	21670614	2275.37886607114	46	47.6152572631836	-122.317832946777
1359258442000	1359187200000	21670614	1871.5809884405	61	47.6153869628906	-122.312767028809
1359258442000	1359187200000	21670614	1871.5809884405	61	47.6153869628906	-122.312767028809
1359258351000	1359187200000	21670614	1411.79196222271	101	47.6198043823242	-122.312721252441
1359258351000	1359187200000	21670614	1411.79196222271	101	47.6198043823242	-122.312721252441
1359258260000	1359187200000	21670614	1314.17327106821	28	47.620777130127	-122.312690734863
1359258260000	1359187200000	21670614	1314.17327106821	28	47.620777130127	-122.312690734863
1359258169000	1359187200000	21670614	922.123125538914	-11	47.6239700317383	-122.312614440918
1359258169000	1359187200000	21670614	922.123125538914	-11	47.6239700317383	-122.312614440918
1359258079000	1359187200000	21670614	233.010940852182	-11	47.6303634643555	-122.312538146973
1359258079000	1359187200000	21670614	233.010940852182	-11	47.6303634643555	-122.312538146973
1359257988000	1359187200000	21670614	0	0	47.6323890686035	-122.3125
1359257988000	1359187200000	21670614	0	0	47.6323890686035	-122.3125
1359257902000	1359187200000	21670614	0	0	47.6323890686035	-122.3125
1359257902000	1359187200000	21670614	0	0	47.6323890686035	-122.3125
1359257811000	1359187200000	21670614	0	0	47.6323890686035	-122.3125
1359257811000	1359187200000	21670614	0	0	47.6323890686035	-122.3125
1359257720000	1359187200000	21670614	0	0	47.6323890686035	-122.3125
1359257720000	1359187200000	21670614	0	0	47.6323890686035	-122.3125
1359257629000	1359187200000	21670614	0	0	47.6323890686035	-122.3125
1359257629000	1359187200000	21670614	0	0	47.6323890686035	-122.3125
1359863632000	1359792000000	21670614	2986.82836857603	161	47.6152267456055	-122.327270507812
1359863632000	1359792000000	21670614	2986.82836857603	161	47.6152267456055	-122.327270507812
1359863541000	1359792000000	21670614	2500.70219698281	200	47.615234375	-122.32071685791
1359863541000	1359792000000	21670614	2500.70219698281	200	47.615234375	-122.32071685791
1359863455000	1359792000000	21670614	2165.21653494761	200	47.6152687072754	-122.316299438477
1359863455000	1359792000000	21670614	2165.21653494761	200	47.6152687072754	-122.316299438477
1359863364000	1359792000000	21670614	1882.37410546007	179	47.6152877807617	-122.312881469727
1359863364000	1359792000000	21670614	1882.37410546007	179	47.6152877807617	-122.312881469727
1359863273000	1359792000000	21670614	1404.35995532537	225	47.6198043823242	-122.312721252441
1359863273000	1359792000000	21670614	1404.35995532537	225	47.6198043823242	-122.312721252441
1359863182000	1359792000000	21670614	1223.45542185291	162	47.6214790344238	-122.312660217285
1359863182000	1359792000000	21670614	1223.45542185291	162	47.6214790344238	-122.312660217285
1359863091000	1359792000000	21670614	952.38931058762	107	47.6238708496094	-122.312614440918
1359863091000	1359792000000	21670614	952.38931058762	107	47.6238708496094	-122.312614440918
1359863005000	1359792000000	21670614	574.466133313705	70	47.6275100708008	-122.312576293945
1359863005000	1359792000000	21670614	574.466133313705	70	47.6275100708008	-122.312576293945
1359862913000	1359792000000	21670614	22.5494458889152	51	47.6323890686035	-122.3125
1359862913000	1359792000000	21670614	22.5494458889152	51	47.6323890686035	-122.3125
1359862822000	1359792000000	21670614	0	0	47.6323890686035	-122.3125
1359862822000	1359792000000	21670614	0	0	47.6323890686035	-122.3125
1359862732000	1359792000000	21670614	0	0	47.6323890686035	-122.3125
1359862732000	1359792000000	21670614	0	0	47.6323890686035	-122.3125
1360468346000	1360396800000	21670614	2998.03355935977	72	47.6152305603027	-122.327377319336
1360468346000	1360396800000	21670614	2998.03355935977	72	47.6152305603027	-122.327377319336
1360468255000	1360396800000	21670614	2806.91035367284	32	47.6152229309082	-122.324684143066
1360468255000	1360396800000	21670614	2806.91035367284	32	47.6152229309082	-122.324684143066
1360468169000	1360396800000	21670614	2485.69263997373	32	47.6152381896973	-122.320358276367
1360468169000	1360396800000	21670614	2485.69263997373	32	47.6152381896973	-122.320358276367
1360468078000	1360396800000	21670614	2181.53688029925	19	47.6152648925781	-122.316528320312
1360468078000	1360396800000	21670614	2181.53688029925	19	47.6152648925781	-122.316528320312
1360467987000	1360396800000	21670614	1882.37410546007	2	47.6153526306152	-122.312767028809
1360467987000	1360396800000	21670614	1882.37410546007	2	47.6153526306152	-122.312767028809
1360467946000	1360396800000	21670614	1764.21615875493	2	47.6164932250977	-122.312759399414
1360467946000	1360396800000	21670614	1764.21615875493	2	47.6164932250977	-122.312759399414
1360467916000	1360396800000	21670614	1651.00279287407	2	47.6175003051758	-122.31275177002
1360467916000	1360396800000	21670614	1651.00279287407	2	47.6175003051758	-122.31275177002
1360467804000	1360396800000	21670614	1087.37864802996	2	47.6227493286133	-122.312637329102
1360467804000	1360396800000	21670614	1087.37864802996	2	47.6227493286133	-122.312637329102
1360467718000	1360396800000	21670614	428.439471889506	2	47.6288528442383	-122.312553405762
1360467718000	1360396800000	21670614	428.439471889506	2	47.6288528442383	-122.312553405762
1360467627000	1360396800000	21670614	0	0	47.6323890686035	-122.3125
1360467627000	1360396800000	21670614	0	0	47.6323890686035	-122.3125
1361073283000	1361001600000	21670614	3203.46205706168	154	47.6145172119141	-122.32967376709
1361073192000	1361001600000	21670614	2960.60186438885	128	47.6152191162109	-122.326927185059
1361073101000	1361001600000	21670614	2620.35365341643	128	47.6152267456055	-122.322288513184
1361073010000	1361001600000	21670614	2556.94329896277	54	47.6152305603027	-122.321487426758
1361072919000	1361001600000	21670614	2279.45895240906	36	47.6152534484863	-122.318428039551
1361072833000	1361001600000	21670614	1928.57152734893	36	47.6152839660645	-122.313453674316
1361072742000	1361001600000	21670614	1489.82803464473	71	47.6190490722656	-122.31273651123
1361072651000	1361001600000	21670614	1057.13936495819	53	47.6230545043945	-122.312629699707
1361072560000	1361001600000	21670614	635.937526356356	17	47.6269607543945	-122.312568664551
1361072540000	1361001600000	21670614	482.238768203679	17	47.6282234191895	-122.312561035156
1361072509000	1361001600000	21670614	248.04390477814	17	47.6302909851074	-122.312538146973
1361072479000	1361001600000	21670614	22.5494458889152	17	47.6323890686035	-122.3125
1361678338000	1361606400000	21670614	3121.29065798091	431	47.6148338317871	-122.328918457031
1361678298000	1361606400000	21670614	3076.46989484596	403	47.6152191162109	-122.325736999512
1361678161000	1361606400000	21670614	2564.40334066321	403	47.6152305603027	-122.321487426758
1361678070000	1361606400000	21670614	2478.18786146918	335	47.6152381896973	-122.320388793945
1361677979000	1361606400000	21670614	2328.09229137831	284	47.6152534484863	-122.318481445312
1361677924000	1361606400000	21670614	2810.65892710493	100	47.6152229309082	-122.324951171875
1361677893000	1361606400000	21670614	2694.95407042073	100	47.6152305603027	-122.323463439941
1361677863000	1361606400000	21670614	2583.05344491427	100	47.6152267456055	-122.321914672852
1361677838000	1361606400000	21670614	2489.445029226	100	47.6152381896973	-122.320442199707
1361677807000	1361606400000	21670614	2373.12096240558	100	47.6152496337891	-122.31901550293
1361677772000	1361606400000	21670614	2234.57800269205	100	47.6152610778809	-122.317443847656
1361677747000	1361606400000	21670614	2132.57584424435	100	47.6152687072754	-122.316040039062
1361677716000	1361606400000	21670614	2006.09316776918	100	47.6152801513672	-122.314468383789
1361677686000	1361606400000	21670614	1885.07238471495	100	47.6152877807617	-122.312965393066
1361677656000	1361606400000	21670614	1804.12400706824	100	47.6161499023438	-122.312759399414
1361677625000	1361606400000	21670614	1692.51436036373	100	47.6171569824219	-122.312759399414
1361677620000	1361606400000	21670614	1673.64546605025	100	47.6181297302246	-122.312744140625
1361677565000	1361606400000	21670614	1467.53201395272	100	47.6192016601562	-122.312728881836
1361677538000	1361606400000	21670614	1350.65265902721	100	47.6204452514648	-122.312713623047
1361677477000	1361606400000	21670614	898.610116733034	100	47.6270790100098	-122.312568664551
1361677350000	1361606400000	21670614	0	629	47.6323890686035	-122.3125
1362283158000	1362211200000	21670614	3319.24902849366	398	47.6138534545898	-122.331260681152
1362283072000	1362211200000	21670614	2998.03355935977	398	47.6152267456055	-122.327270507812
1362282991000	1362211200000	21670614	2780.74454997567	375	47.6152267456055	-122.32389831543
1362282890000	1362211200000	21670614	2530.72131100098	341	47.615234375	-122.321060180664
1362282799000	1362211200000	21670614	2328.09229137831	304	47.6152534484863	-122.318481445312
1362282708000	1362211200000	21670614	1887.77066396984	321	47.6152839660645	-122.313148498535
1362282622000	1362211200000	21670614	1332.41296504771	387	47.6206436157227	-122.312705993652
1362282531000	1362211200000	21670614	959.865482403213	346	47.6239700317383	-122.312614440918
1362282501000	1362211200000	21670614	240.527422815154	410	47.6303176879883	-122.312538146973
1362282470000	1362211200000	21670614	7.51648196297174	410	47.6323890686035	-122.3125
1362887798000	1362816000000	21670614	3057.79457687306	308	47.6151924133301	-122.328025817871
1362887707000	1362816000000	21670614	2855.64180829011	271	47.6152191162109	-122.325408935547
1362887616000	1362816000000	21670614	2470.68308296464	283	47.6152420043945	-122.320091247559
1362887525000	1362816000000	21670614	2112.1754125548	283	47.6152687072754	-122.316040039062
1362887434000	1362816000000	21670614	1790.63261079379	283	47.6162300109863	-122.312759399414
1362887348000	1362816000000	21670614	1368.89235300671	307	47.6202659606934	-122.312713623047
1362887257000	1362816000000	21670614	1147.85721417349	247	47.6228904724121	-122.312629699707
1362887166000	1362816000000	21670614	451.496313167008	247	47.628475189209	-122.312561035156
1363488866000	1363417200000	21670614	3039.11925890014	181	47.6152381896973	-122.32780456543
1363488775000	1363417200000	21670614	2900.62468947528	127	47.6152153015137	-122.325996398926
1363488684000	1363417200000	21670614	2612.893611716	113	47.6152267456055	-122.322196960449
1363488593000	1363417200000	21670614	2361.86379464876	89	47.6152534484863	-122.318481445312
1363488503000	1363417200000	21670614	1997.93299509338	89	47.6152801513672	-122.314430236816
1363488412000	1363417200000	21670614	1605.71744652174	110	47.6178512573242	-122.31275177002
1363488326000	1363417200000	21670614	1193.21613878114	110	47.6219482421875	-122.312644958496
1363488235000	1363417200000	21670614	959.865482403213	50	47.6239700317383	-122.312614440918
1363488144000	1363417200000	21670614	605.208588350375	5	47.627124786377	-122.312568664551
1363488053000	1363417200000	21670614	0	0	47.6323890686035	-122.3125
1364093917000	1364022000000	21670614	3098.88027641343	416	47.6149253845215	-122.328704833984
1364093917000	1364022000000	21670614	3098.88027641343	416	47.6149253845215	-122.328704833984
1364093831000	1364022000000	21670614	2821.90464740123	404	47.6152229309082	-122.324913024902
1364093831000	1364022000000	21670614	2821.90464740123	404	47.6152229309082	-122.324913024902
1364093740000	1364022000000	21670614	2545.73086801007	387	47.6152305603027	-122.321250915527
1364093740000	1364022000000	21670614	2545.73086801007	387	47.6152305603027	-122.321250915527
1364093664000	1364022000000	21670614	2324.33990212604	370	47.6152610778809	-122.317420959473
1364093664000	1364022000000	21670614	2324.33990212604	370	47.6152610778809	-122.317420959473
1364093558000	1364022000000	21670614	1891.85075030776	370	47.6152839660645	-122.313148498535
1364093558000	1364022000000	21670614	1891.85075030776	370	47.6152839660645	-122.313148498535
1364093472000	1364022000000	21670614	1515.8400587854	394	47.6188850402832	-122.31273651123
1364093472000	1364022000000	21670614	1515.8400587854	394	47.6188850402832	-122.31273651123
1364093381000	1364022000000	21670614	1356.73255702037	342	47.6203651428223	-122.312713623047
1364093381000	1364022000000	21670614	1356.73255702037	342	47.6203651428223	-122.312713623047
1364093290000	1364022000000	21670614	1102.49828956583	286	47.6226768493652	-122.312637329102
1364093290000	1364022000000	21670614	1102.49828956583	286	47.6226768493652	-122.312637329102
1364093199000	1364022000000	21670614	952.38931058762	215	47.6239700317383	-122.312614440918
1364093199000	1364022000000	21670614	952.38931058762	215	47.6239700317383	-122.312614440918
1364093108000	1364022000000	21670614	944.913138772041	125	47.6239700317383	-122.312614440918
1364093108000	1364022000000	21670614	944.913138772041	125	47.6239700317383	-122.312614440918
1364093022000	1364022000000	21670614	597.522974591207	84	47.6273384094238	-122.312568664551
1364093022000	1364022000000	21670614	597.522974591207	84	47.6273384094238	-122.312568664551
1364699219000	1364626800000	21670614	3181.05167549419	896	47.614688873291	-122.32926940918
1364699219000	1364626800000	21670614	3181.05167549419	896	47.614688873291	-122.32926940918
1364699128000	1364626800000	21670614	2840.64751456172	896	47.6152191162109	-122.32536315918
1364699128000	1364626800000	21670614	2840.64751456172	896	47.6152191162109	-122.32536315918
1364699042000	1364626800000	21670614	2571.86338236363	882	47.6152305603027	-122.321487426758
1364699042000	1364626800000	21670614	2571.86338236363	882	47.6152305603027	-122.321487426758
1364698951000	1364626800000	21670614	2421.9020226851	831	47.6152458190918	-122.319404602051
1364698951000	1364626800000	21670614	2421.9020226851	831	47.6152458190918	-122.319404602051
1364698861000	1364626800000	21670614	2063.21437649991	831	47.6152763366699	-122.315132141113
1364698861000	1364626800000	21670614	2063.21437649991	831	47.6152763366699	-122.315132141113
1364698770000	1364626800000	21670614	1508.40805188807	894	47.6188697814941	-122.31273651123
1364698770000	1364626800000	21670614	1508.40805188807	894	47.6188697814941	-122.31273651123
1364698679000	1364626800000	21670614	1332.41296504771	844	47.6205101013184	-122.312713623047
1364698679000	1364626800000	21670614	1332.41296504771	844	47.6205101013184	-122.312713623047
1364698588000	1364626800000	21670614	974.817826034385	801	47.6236381530762	-122.312614440918
1364698588000	1364626800000	21670614	974.817826034385	801	47.6236381530762	-122.312614440918
1364698502000	1364626800000	21670614	474.553154444511	780	47.628475189209	-122.312561035156
1364698502000	1364626800000	21670614	474.553154444511	780	47.628475189209	-122.312561035156
1365303321000	1365231600000	21670614	3311.7789013045	163	47.6139602661133	-122.331008911133
1365303321000	1365231600000	21670614	3311.7789013045	163	47.6139602661133	-122.331008911133
1365303230000	1365231600000	21670614	2908.12183633949	180	47.6152153015137	-122.326217651367
1365303230000	1365231600000	21670614	2908.12183633949	180	47.6152153015137	-122.326217651367
1365303144000	1365231600000	21670614	2586.7834657645	180	47.6152305603027	-122.321685791016
1365303144000	1365231600000	21670614	2586.7834657645	180	47.6152305603027	-122.321685791016
1365303053000	1365231600000	21670614	2459.42591520782	123	47.6152420043945	-122.320091247559
1365303053000	1365231600000	21670614	2459.42591520782	123	47.6152420043945	-122.320091247559
1365302962000	1365231600000	21670614	2165.21653494761	107	47.6152687072754	-122.316421508789
1365302962000	1365231600000	21670614	2165.21653494761	107	47.6152687072754	-122.316421508789
1365302871000	1365231600000	21670614	1863.48615067583	93	47.6153793334961	-122.312767028809
1365302871000	1365231600000	21670614	1863.48615067583	93	47.6153793334961	-122.312767028809
1365302780000	1365231600000	21670614	1362.81245501354	140	47.6200561523438	-122.312721252441
1365302780000	1365231600000	21670614	1362.81245501354	140	47.6200561523438	-122.312721252441
1365302694000	1365231600000	21670614	1079.81882726202	93	47.6229820251465	-122.312629699707
1365302694000	1365231600000	21670614	1079.81882726202	93	47.6229820251465	-122.312629699707
1365302654000	1365231600000	21670614	255.560386741112	161	47.6303291320801	-122.312538146973
1365302654000	1365231600000	21670614	255.560386741112	161	47.6303291320801	-122.312538146973
1365302623000	1365231600000	21670614	22.5494458889152	161	47.6323890686035	-122.3125
1365302623000	1365231600000	21670614	22.5494458889152	161	47.6323890686035	-122.3125
1366513240000	1366441200000	21670614	3169.84648471045	520	47.6146202087402	-122.329429626465
1366513149000	1366441200000	21670614	2923.11613006788	495	47.6152153015137	-122.326431274414
1366513128000	1366441200000	21670614	3065.26470406221	436	47.6151351928711	-122.328163146973
1366513098000	1366441200000	21670614	2953.10471752466	436	47.6152191162109	-122.326728820801
1366513068000	1366441200000	21670614	2840.64751456172	436	47.6152191162109	-122.325218200684
1366512972000	1366441200000	21670614	2481.94025072145	436	47.6152381896973	-122.320373535156
1366512881000	1366441200000	21670614	2369.3685731533	375	47.6152496337891	-122.318946838379
1366512790000	1366441200000	21670614	1953.05204537637	387	47.6152839660645	-122.31388092041
1366512704000	1366441200000	21670614	1825.71024110737	340	47.6159782409668	-122.312767028809
1366512613000	1366441200000	21670614	1332.41296504771	378	47.6206893920898	-122.312698364258
1366512521000	1366441200000	21670614	1072.25900649407	321	47.6228904724121	-122.312629699707
1366512431000	1366441200000	21670614	804.723654383022	266	47.6250267028809	-122.312591552734
1366512339000	1366441200000	21670614	105.230747481633	266	47.6315078735352	-122.312515258789
1366512254000	1366441200000	21670614	45.098891777845	189	47.6323890686035	-122.3125
1366512163000	1366441200000	21670614	37.5824098148732	99	47.6323890686035	-122.3125
1367117630000	1367046000000	21670614	3151.17116673755	115	47.6147003173828	-122.329238891602
1367117630000	1367046000000	21670614	3151.17116673755	115	47.6147003173828	-122.329238891602
1367117554000	1367046000000	21670614	2777.01452912546	139	47.6152267456055	-122.324394226074
1367117554000	1367046000000	21670614	2777.01452912546	139	47.6152267456055	-122.324394226074
1367117534000	1367046000000	21670614	2635.27373681728	157	47.6152267456055	-122.322166442871
1367117534000	1367046000000	21670614	2635.27373681728	157	47.6152267456055	-122.322166442871
1367117503000	1367046000000	21670614	2556.94329896277	147	47.6152305603027	-122.321487426758
1367117503000	1367046000000	21670614	2556.94329896277	147	47.6152305603027	-122.321487426758
1367117473000	1367046000000	21670614	2500.70219698281	132	47.615234375	-122.321075439453
1367117473000	1367046000000	21670614	2500.70219698281	132	47.615234375	-122.321075439453
1367117443000	1367046000000	21670614	2328.09229137831	148	47.6152534484863	-122.318481445312
1367117443000	1367046000000	21670614	2328.09229137831	148	47.6152534484863	-122.318481445312
1367117382000	1367046000000	21670614	2218.25765734042	114	47.6152687072754	-122.31616973877
1367117382000	1367046000000	21670614	2218.25765734042	114	47.6152687072754	-122.31616973877
1367117362000	1367046000000	21670614	2136.65593058226	114	47.6152725219727	-122.315628051758
1367117362000	1367046000000	21670614	2136.65593058226	114	47.6152725219727	-122.315628051758
1367117271000	1367046000000	21670614	1806.82228632313	114	47.6160774230957	-122.312759399414
1367117271000	1367046000000	21670614	1806.82228632313	114	47.6160774230957	-122.312759399414
1367117180000	1367046000000	21670614	1350.65265902721	142	47.6202545166016	-122.312713623047
1367117180000	1367046000000	21670614	1350.65265902721	142	47.6202545166016	-122.312713623047
1367117094000	1367046000000	21670614	1064.69918572613	95	47.6231269836426	-122.312629699707
1367117094000	1367046000000	21670614	1064.69918572613	95	47.6231269836426	-122.312629699707
1367117003000	1367046000000	21670614	712.658493641211	50	47.6262245178223	-122.312576293945
1367117003000	1367046000000	21670614	712.658493641211	50	47.6262245178223	-122.312576293945
1367116912000	1367046000000	21670614	240.527422815154	21	47.6304893493652	-122.312538146973
1367116912000	1367046000000	21670614	240.527422815154	21	47.6304893493652	-122.312538146973
1367722373000	1367650800000	21670614	3054.05951327847	84	47.6150016784668	-122.328506469727
1367722373000	1367650800000	21670614	3054.05951327847	84	47.6150016784668	-122.328506469727
1367722282000	1367650800000	21670614	2713.60417467181	84	47.6152305603027	-122.323608398438
1367722282000	1367650800000	21670614	2713.60417467181	84	47.6152305603027	-122.323608398438
1367722196000	1367650800000	21670614	2466.93069371236	64	47.6152381896973	-122.320121765137
1367722196000	1367650800000	21670614	2466.93069371236	64	47.6152381896973	-122.320121765137
1367722105000	1367650800000	21670614	2193.77713931297	43	47.6152648925781	-122.31672668457
1367722105000	1367650800000	21670614	2193.77713931297	43	47.6152648925781	-122.31672668457
1367722014000	1367650800000	21670614	1711.3832546772	84	47.6167259216309	-122.312759399414
1367722014000	1367650800000	21670614	1711.3832546772	84	47.6167259216309	-122.312759399414
1367721923000	1367650800000	21670614	1356.73255702037	84	47.6201934814453	-122.312713623047
1367721923000	1367650800000	21670614	1356.73255702037	84	47.6201934814453	-122.312713623047
1367721832000	1367650800000	21670614	828.07109031541	64	47.6250267028809	-122.312591552734
1367721832000	1367650800000	21670614	828.07109031541	64	47.6250267028809	-122.312591552734
1367721746000	1367650800000	21670614	474.553154444511	24	47.628475189209	-122.312561035156
1367721746000	1367650800000	21670614	474.553154444511	24	47.628475189209	-122.312561035156
1367721731000	1367650800000	21670614	466.867540685344	10	47.6282691955566	-122.312561035156
1367721701000	1367650800000	21670614	240.527422815154	10	47.6303367614746	-122.312538146973
1367721701000	1367650800000	21670614	240.527422815154	10	47.6303367614746	-122.312538146973
1367721671000	1367650800000	21670614	15.0329639259435	10	47.6323890686035	-122.3125
1367721671000	1367650800000	21670614	15.0329639259435	10	47.6323890686035	-122.3125
1368327325000	1368255600000	21670614	3162.37635752129	207	47.6147308349609	-122.329170227051
1368327234000	1368255600000	21670614	2919.36755663579	181	47.6152153015137	-122.326232910156
1368327143000	1368255600000	21670614	2836.89894112962	112	47.6152229309082	-122.324768066406
1368327052000	1368255600000	21670614	2496.94980773053	112	47.6152381896973	-122.320640563965
1368326961000	1368255600000	21670614	1916.3312683352	167	47.6152839660645	-122.313430786133
1368326875000	1368255600000	21670614	1452.66800015805	214	47.6194725036621	-122.312728881836
1368326784000	1368255600000	21670614	1326.33306705454	150	47.6207046508789	-122.312698364258
1368326693000	1368255600000	21670614	959.865482403213	108	47.6239700317383	-122.312614440918
1368326602000	1368255600000	21670614	420.922989926534	87	47.628791809082	-122.312553405762
1368932152000	1368860400000	21670614	3020.44394092725	272	47.615234375	-122.327629089355
1368932152000	1368860400000	21670614	3020.44394092725	272	47.615234375	-122.327629089355
1368932061000	1368860400000	21670614	2803.16178024074	239	47.6152229309082	-122.324768066406
1368932061000	1368860400000	21670614	2803.16178024074	239	47.6152229309082	-122.324768066406
1368931970000	1368860400000	21670614	2538.22608950552	219	47.6152305603027	-122.321266174316
1368931970000	1368860400000	21670614	2538.22608950552	219	47.6152305603027	-122.321266174316
1368931879000	1368860400000	21670614	2395.6352979192	166	47.6152458190918	-122.319244384766
1368931879000	1368860400000	21670614	2395.6352979192	166	47.6152458190918	-122.319244384766
1368931793000	1368860400000	21670614	2050.97411748618	166	47.6152763366699	-122.314949035645
1368931793000	1368860400000	21670614	2050.97411748618	166	47.6152763366699	-122.314949035645
1368931702000	1368860400000	21670614	1783.0850530684	153	47.6164131164551	-122.312759399414
1368931702000	1368860400000	21670614	1783.0850530684	153	47.6164131164551	-122.312759399414
1368931611000	1368860400000	21670614	1332.41296504771	176	47.6205101013184	-122.312713623047
1368931611000	1368860400000	21670614	1332.41296504771	176	47.6205101013184	-122.312713623047
1368931520000	1368860400000	21670614	1064.69918572613	121	47.6228904724121	-122.312629699707
1368931520000	1368860400000	21670614	1064.69918572613	121	47.6228904724121	-122.312629699707
1368931434000	1368860400000	21670614	574.466133313705	99	47.6275939941406	-122.312576293945
1368931434000	1368860400000	21670614	574.466133313705	99	47.6275939941406	-122.312576293945
1369536783000	1369465200000	21670614	3173.58154830504	62	47.6146659851074	-122.329322814941
1369536783000	1369465200000	21670614	3173.58154830504	62	47.6146659851074	-122.329322814941
1369536692000	1369465200000	21670614	2706.14413297137	96	47.6152305603027	-122.323394775391
1369536692000	1369465200000	21670614	2706.14413297137	96	47.6152305603027	-122.323394775391
1369536601000	1369465200000	21670614	2515.7117539919	56	47.615234375	-122.320915222168
1369536601000	1369465200000	21670614	2515.7117539919	56	47.615234375	-122.320915222168
1369536510000	1369465200000	21670614	2161.1364486097	56	47.6152687072754	-122.316421508789
1369536510000	1369465200000	21670614	2161.1364486097	56	47.6152687072754	-122.316421508789
1369536424000	1369465200000	21670614	2038.73385847245	0	47.6152801513672	-122.314758300781
1369536424000	1369465200000	21670614	2038.73385847245	0	47.6152801513672	-122.314758300781
1369536333000	1369465200000	21670614	1426.65597601737	79	47.6196594238281	-122.312721252441
1369536333000	1369465200000	21670614	1426.65597601737	79	47.6196594238281	-122.312721252441
1369536242000	1369465200000	21670614	1019.6748569279	49	47.6234130859375	-122.312622070312
1369536242000	1369465200000	21670614	1019.6748569279	49	47.6234130859375	-122.312622070312
1369536151000	1369465200000	21670614	582.151747072872	15	47.6273040771484	-122.312568664551
1369536151000	1369465200000	21670614	582.151747072872	15	47.6273040771484	-122.312568664551
1370141581000	1370070000000	21670614	3143.7010395484	68	47.6148529052734	-122.328872680664
1370141581000	1370070000000	21670614	3143.7010395484	68	47.6148529052734	-122.328872680664
1370141490000	1370070000000	21670614	2803.16178024074	68	47.6152229309082	-122.324661254883
1370141490000	1370070000000	21670614	2803.16178024074	68	47.6152229309082	-122.324661254883
1370141399000	1370070000000	21670614	2504.45458623508	57	47.615234375	-122.320854187012
1370141399000	1370070000000	21670614	2504.45458623508	57	47.615234375	-122.320854187012
1370141308000	1370070000000	21670614	2148.89618959598	57	47.6152687072754	-122.316253662109
1370141308000	1370070000000	21670614	2148.89618959598	57	47.6152687072754	-122.316253662109
1370141217000	1370070000000	21670614	1849.99475440138	44	47.6155319213867	-122.312767028809
1370141217000	1370070000000	21670614	1849.99475440138	44	47.6155319213867	-122.312767028809
1370141131000	1370070000000	21670614	1350.65265902721	93	47.6205101013184	-122.312713623047
1370141131000	1370070000000	21670614	1350.65265902721	93	47.6205101013184	-122.312713623047
1370141040000	1370070000000	21670614	997.24634148115	50	47.6236839294434	-122.312614440918
1370141040000	1370070000000	21670614	997.24634148115	50	47.6236839294434	-122.312614440918
1370140949000	1370070000000	21670614	75.1648196297319	80	47.6319923400879	-122.312507629395
1370140949000	1370070000000	21670614	75.1648196297319	80	47.6319923400879	-122.312507629395
1370140934000	1370070000000	21670614	566.780519554537	0	47.627311706543	-122.312568664551
1370140904000	1370070000000	21670614	338.241688333816	0	47.6293411254883	-122.312545776367
1370140904000	1370070000000	21670614	338.241688333816	0	47.6293411254883	-122.312545776367
1370140874000	1370070000000	21670614	112.747229444605	0	47.6314239501953	-122.312515258789
1370140874000	1370070000000	21670614	112.747229444605	0	47.6314239501953	-122.312515258789
1370140843000	1370070000000	21670614	0	0	47.6323890686035	-122.3125
1370140843000	1370070000000	21670614	0	0	47.6323890686035	-122.3125
1370140813000	1370070000000	21670614	0	0	47.6323890686035	-122.3125
1370140813000	1370070000000	21670614	0	0	47.6323890686035	-122.3125
1370140783000	1370070000000	21670614	0	0	47.6323890686035	-122.3125
1370140783000	1370070000000	21670614	0	0	47.6323890686035	-122.3125
1370140758000	1370070000000	21670614	0	0	47.6323890686035	-122.3125
1370140727000	1370070000000	21670614	0	0	47.6323890686035	-122.3125
1370140727000	1370070000000	21670614	0	0	47.6323890686035	-122.3125
1370140697000	1370070000000	21670614	0	0	47.6323890686035	-122.3125
1370140697000	1370070000000	21670614	0	0	47.6323890686035	-122.3125
1370140677000	1370070000000	21670614	0	299	47.633716583252	-122.312484741211
1370746554000	1370674800000	21670614	3188.52180268336	229	47.6145515441895	-122.329597473145
1370746463000	1370674800000	21670614	2986.82836857603	192	47.6152267456055	-122.327270507812
1370746372000	1370674800000	21670614	2795.66463337654	152	47.6152229309082	-122.324768066406
1370746286000	1370674800000	21670614	2568.13336151342	127	47.6152305603027	-122.321487426758
1370746195000	1370674800000	21670614	2369.3685731533	89	47.6152496337891	-122.318908691406
1370746104000	1370674800000	21670614	2128.49575790644	58	47.6152687072754	-122.315986633301
1370746013000	1370674800000	21670614	1871.5809884405	32	47.6152839660645	-122.313148498535
1370745922000	1370674800000	21670614	1560.4321001694	32	47.6183013916016	-122.312744140625
1370745836000	1370674800000	21670614	1193.21613878114	20	47.6219749450684	-122.312644958496
1370745745000	1370674800000	21670614	605.208588350375	6	47.6272239685059	-122.312568664551
1370745654000	1370674800000	21670614	0	0	47.6323890686035	-122.3125
1370745624000	1370674800000	21670614	0	0	47.6323890686035	-122.3125
1370745593000	1370674800000	21670614	0	0	47.6323890686035	-122.3125
1371955945000	1371884400000	21670614	3125.0257215755	37	47.6147575378418	-122.3291015625
1371955854000	1371884400000	21670614	2784.4745708259	37	47.6152267456055	-122.324432373047
1371955773000	1371884400000	21670614	2429.40680118965	51	47.6152458190918	-122.319282531738
1371955673000	1371884400000	21670614	1916.3312683352	79	47.6152839660645	-122.31339263916
1371955582000	1371884400000	21670614	1400.6439518767	135	47.6198043823242	-122.312721252441
1371955491000	1371884400000	21670614	1178.09649724526	77	47.6218490600586	-122.312644958496
1371955405000	1371884400000	21670614	1004.72251329673	14	47.6236457824707	-122.312614440918
1371955314000	1371884400000	21670614	405.89002600059	1	47.628978729248	-122.312553405762
1371955087000	1371884400000	21670614	0	0	47.6323890686035	-122.3125
1371955057000	1371884400000	21670614	0	0	47.6323890686035	-122.3125
1372561340000	1372489200000	21670614	3367.80485522321	567	47.6135406494141	-122.332008361816
1372561249000	1372489200000	21670614	3027.91406811641	567	47.615234375	-122.327789306641
1372561158000	1372489200000	21670614	2795.66463337654	538	47.6152229309082	-122.324768066406
1372561072000	1372489200000	21670614	2568.13336151342	513	47.6152305603027	-122.321487426758
1372560981000	1372489200000	21670614	2433.15919044192	458	47.6152420043945	-122.319747924805
1372560890000	1372489200000	21670614	2331.84468063059	394	47.6152534484863	-122.318481445312
1372560799000	1372489200000	21670614	2206.0173983267	334	47.6152610778809	-122.316993713379
1372560708000	1372489200000	21670614	2083.61480818945	273	47.6152725219727	-122.315521240234
1372560622000	1372489200000	21670614	1828.40852036225	257	47.6155738830566	-122.312767028809
1372560531000	1372489200000	21670614	1500.97604499072	257	47.6189651489258	-122.31273651123
1372560440000	1372489200000	21670614	1314.17327106821	208	47.6207046508789	-122.312698364258
1372560349000	1372489200000	21670614	1004.72251329673	158	47.6234474182129	-122.312622070312
1372560258000	1372489200000	21670614	405.89002600059	145	47.6287651062012	-122.312553405762
1372560172000	1372489200000	21670614	37.5824098148732	108	47.6323890686035	-122.3125
1373165578000	1373094000000	21670614	3162.37635752129	60	47.6146507263184	-122.329360961914
1373165492000	1373094000000	21670614	2571.86338236363	132	47.6152305603027	-122.321487426758
1373165401000	1373094000000	21670614	2312.09964311232	110	47.6152534484863	-122.318481445312
1373165310000	1373094000000	21670614	1940.81178636265	110	47.6152839660645	-122.313697814941
1373165219000	1373094000000	21670614	1734.02592785336	83	47.6168060302734	-122.312759399414
1373165127000	1373094000000	21670614	1261.25452569262	102	47.6210136413574	-122.312683105469
1373165041000	1373094000000	21670614	1012.19868511231	49	47.6235122680664	-122.312622070312
1373164950000	1373094000000	21670614	459.181926926176	30	47.628475189209	-122.312561035156
1373164859000	1373094000000	21670614	0	0	47.6323890686035	-122.3125
1373164768000	1373094000000	21670614	0	0	47.6323890686035	-122.3125
1373164677000	1373094000000	21670614	0	0	47.6323890686035	-122.3125
1373164591000	1373094000000	21670614	0	0	47.6323890686035	-122.3125
1373770490000	1373698800000	21670614	3289.36851973702	138	47.6140289306641	-122.330841064453
1373770400000	1373698800000	21670614	2706.14413297137	204	47.6152305603027	-122.323577880859
1373770310000	1373698800000	21670614	2429.40680118965	188	47.6152420043945	-122.319877624512
1373770220000	1373698800000	21670614	2018.33342678292	201	47.6152763366699	-122.314758300781
1373770130000	1373698800000	21670614	1493.54403809339	258	47.6188850402832	-122.31273651123
1373770041000	1373698800000	21670614	1064.69918572613	242	47.6228904724121	-122.312629699707
1373769950000	1373698800000	21670614	582.151747072872	214	47.6271705627441	-122.312568664551
1373769924000	1373698800000	21670614	217.977976926239	236	47.6303825378418	-122.312538146973
1373769895000	1373698800000	21670614	0	236	47.6323890686035	-122.312492370605
1374375461000	1374303600000	21670614	3341.65941006114	295	47.6139488220215	-122.331031799316
1374375371000	1374303600000	21670614	3005.50368654892	295	47.6152267456055	-122.327270507812
1374375281000	1374303600000	21670614	2668.84392446923	295	47.6152305603027	-122.323051452637
1374375191000	1374303600000	21670614	2455.67352595554	262	47.6152381896973	-122.320198059082
1374375179000	1374303600000	21670614	2583.05344491427	216	47.6152267456055	-122.32186126709
1374375149000	1374303600000	21670614	2470.68308296464	216	47.6152381896973	-122.320442199707
1374375117000	1374303600000	21670614	2350.60662689194	216	47.6152496337891	-122.318923950195
1374375011000	1374303600000	21670614	1920.41135467311	216	47.6152839660645	-122.313552856445
1374374921000	1374303600000	21670614	1560.4321001694	231	47.6183013916016	-122.312744140625
1374374831000	1374303600000	21670614	1356.73255702037	192	47.6200752258301	-122.312721252441
1374374740000	1374303600000	21670614	1049.57954419024	143	47.6228904724121	-122.312629699707
1374374651000	1374303600000	21670614	45.098891777845	186	47.6320381164551	-122.3125
1374374634000	1374303600000	21670614	1326.33306705454	0	47.6203651428223	-122.312713623047
1374374604000	1374303600000	21670614	1102.49828956583	0	47.6224060058594	-122.312637329102
1374374574000	1374303600000	21670614	875.097107927169	0	47.6244354248047	-122.312599182129
1374374544000	1374303600000	21670614	643.609623084849	0	47.626537322998	-122.312576293945
1374374514000	1374303600000	21670614	413.406507963562	0	47.6285858154297	-122.312561035156
1374374467000	1374303600000	21670614	60.1318557037885	0	47.6318397521973	-122.312507629395
1374374227000	1374303600000	21670614	0	0	47.6323890686035	-122.312492370605
1374980233000	1374908400000	21670614	3143.7010395484	320	47.6147308349609	-122.329170227051
1374980143000	1374908400000	21670614	2889.37896917899	298	47.6152153015137	-122.326179504395
1374980075000	1374908400000	21670614	2635.27373681728	298	47.6152305603027	-122.321487426758
1374979962000	1374908400000	21670614	2320.25981578813	269	47.6152534484863	-122.318481445312
1374979873000	1374908400000	21670614	1887.77066396984	286	47.6152877807617	-122.313148498535
1374979783000	1374908400000	21670614	1396.92794842804	337	47.6198043823242	-122.312721252441
1374979693000	1374908400000	21670614	1246.13488415674	270	47.621208190918	-122.31266784668
1374979603000	1374908400000	21670614	937.436966956462	221	47.6239967346191	-122.312614440918
1374979513000	1374908400000	21670614	574.466133313705	178	47.6272315979004	-122.312568664551
1375585059000	1375513200000	21670614	3322.98409208824	298	47.6139907836914	-122.330932617188
1375585034000	1375513200000	21670614	3229.60750222373	298	47.6142959594727	-122.330207824707
1375585003000	1375513200000	21670614	3113.82053079175	298	47.6148490905762	-122.328887939453
1375584878000	1375513200000	21670614	2646.46379936794	298	47.6152305603027	-122.322807312012
1375584789000	1375513200000	21670614	2463.17830446009	258	47.6152420043945	-122.319976806641
1375584762000	1375513200000	21670614	2361.86379464876	258	47.6152496337891	-122.319053649902
1375584732000	1375513200000	21670614	2242.73817536788	258	47.6152572631836	-122.317565917969
1375584608000	1375513200000	21670614	1786.85883193109	258	47.6162300109863	-122.312759399414
1375584518000	1375513200000	21670614	1393.21194497937	273	47.6198043823242	-122.312721252441
1375584428000	1375513200000	21670614	1314.17327106821	196	47.6205101013184	-122.312713623047
1375584342000	1375513200000	21670614	1064.69918572613	143	47.6230087280273	-122.312629699707
1375584248000	1375513200000	21670614	882.934777529124	73	47.6244277954102	-122.312599182129
1375584159000	1375513200000	21670614	512.981223240349	32	47.6277809143066	-122.312568664551
1376190128000	1376118000000	21670614	3315.51396489907	569	47.6138038635254	-122.331382751465
1376190038000	1376118000000	21670614	2979.34473154935	569	47.6152267456055	-122.327270507812
1376189948000	1376118000000	21670614	2680.03398701987	559	47.6152305603027	-122.323249816895
1376189858000	1376118000000	21670614	2463.17830446009	527	47.6152381896973	-122.320358276367
1376189769000	1376118000000	21670614	2418.14963343284	450	47.6152420043945	-122.319694519043
1376189679000	1376118000000	21670614	2324.33990212604	385	47.6152534484863	-122.318481445312
1376189588000	1376118000000	21670614	2259.05852071951	310	47.6152572631836	-122.317726135254
1376189499000	1376118000000	21670614	2014.25334044501	281	47.6152801513672	-122.314697265625
1376189408000	1376118000000	21670614	1549.2840898234	321	47.6184997558594	-122.312744140625
1376189319000	1376118000000	21670614	1057.13936495819	321	47.6228904724121	-122.312629699707
1376189229000	1376118000000	21670614	937.436966956462	247	47.6239700317383	-122.312614440918
1376189139000	1376118000000	21670614	582.151747072872	203	47.6272048950195	-122.312568664551
1376189133000	1376118000000	21670614	0	274	47.6323890686035	-122.312492370605
1376794410000	1376722800000	21670614	2983.09330498145	140	47.6152267456055	-122.327270507812
1376794333000	1376722800000	21670614	2612.893611716	162	47.6152305603027	-122.321662902832
1376794230000	1376722800000	21670614	2373.12096240558	123	47.6152458190918	-122.319145202637
1376794140000	1376722800000	21670614	2173.37670762344	83	47.6152687072754	-122.316383361816
1376794051000	1376722800000	21670614	1836.50335812692	83	47.6156921386719	-122.312767028809
1376793961000	1376722800000	21670614	1362.81245501354	121	47.6200866699219	-122.312713623047
1376793936000	1376722800000	21670614	1497.26004154206	63	47.6188316345215	-122.31273651123
1376793906000	1376722800000	21670614	1381.05214899304	63	47.6198577880859	-122.312721252441
1376793877000	1376722800000	21670614	1178.09649724526	63	47.6217765808105	-122.312652587891
1376793780000	1376722800000	21670614	436.125085648673	63	47.628475189209	-122.312561035156
1376793690000	1376722800000	21670614	7.51648196297174	30	47.6323890686035	-122.312492370605
1376793157000	1376722800000	21670614	0	0	47.6323890686035	-122.312492370605
1378004180000	1377932400000	21670614	3356.59966443946	210	47.613712310791	-122.331596374512
1378004090000	1377932400000	21670614	3057.79457687306	200	47.6151084899902	-122.328231811523
1378004000000	1377932400000	21670614	2889.37896917899	155	47.6152153015137	-122.326072692871
1378003910000	1377932400000	21670614	2553.21327811255	155	47.6152305603027	-122.321487426758
1378003820000	1377932400000	21670614	2331.84468063059	124	47.6152496337891	-122.318603515625
1378003730000	1377932400000	21670614	1887.77066396984	143	47.6152877807617	-122.313148498535
1378003640000	1377932400000	21670614	1396.92794842804	194	47.6198043823242	-122.312721252441
1378003550000	1377932400000	21670614	1064.69918572613	151	47.622802734375	-122.312637329102
1378003460000	1377932400000	21670614	804.723654383022	95	47.625171661377	-122.312591552734
1378003370000	1377932400000	21670614	375.824098148689	61	47.6289710998535	-122.312553405762
1378003281000	1377932400000	21670614	15.0329639259435	20	47.6323890686035	-122.312492370605
1378003010000	1377932400000	21670614	0	0	47.6323890686035	-122.312492370605
1378609469000	1378537200000	21670614	2791.93461252633	850	47.6152229309082	-122.324768066406
1378609020000	1378537200000	21670614	2283.53903874695	536	47.6152572631836	-122.317993164062
1378608930000	1378537200000	21670614	2144.81610325807	480	47.6152687072754	-122.316276550293
1378608839000	1378537200000	21670614	1849.99475440138	466	47.6154594421387	-122.312767028809
1378608750000	1378537200000	21670614	1350.65265902721	512	47.6201858520508	-122.312713623047
1378608659000	1378537200000	21670614	937.436966956462	477	47.6239547729492	-122.312614440918
1378608569000	1378537200000	21670614	828.07109031541	401	47.6249122619629	-122.312591552734
1378608479000	1378537200000	21670614	383.340580111661	369	47.6288795471191	-122.312553405762
1378608443000	1378537200000	21670614	233.010940852182	353	47.6302375793457	-122.312538146973
1378608412000	1378537200000	21670614	0	353	47.6323890686035	-122.312492370605
1379213628000	1379142000000	21670614	2971.84758468515	161	47.6152267456055	-122.327270507812
1379213539000	1379142000000	21670614	2639.00375766751	161	47.6152267456055	-122.322624206543
1379213448000	1379142000000	21670614	2463.17830446009	117	47.6152381896973	-122.320320129395
1379213358000	1379142000000	21670614	2320.25981578813	65	47.6152534484863	-122.318481445312
1379213337000	1379142000000	21670614	2116.25549889271	94	47.615421295166	-122.312767028809
1379213179000	1379142000000	21670614	1396.92794842804	133	47.6198120117188	-122.312721252441
1379213088000	1379142000000	21670614	1049.57954419024	91	47.6228904724121	-122.312629699707
1379212999000	1379142000000	21670614	52.6153737408167	133	47.6320114135742	-122.312507629395
1379212978000	1379142000000	21670614	906.447786334989	0	47.6241493225098	-122.312606811523
1379212948000	1379142000000	21670614	674.298009998791	0	47.6262397766113	-122.312576293945
1379212920000	1379142000000	21670614	459.181926926176	0	47.6283302307129	-122.312561035156
1379212888000	1379142000000	21670614	217.977976926239	0	47.6303901672363	-122.312538146973
1379212647000	1379142000000	21670614	0	0	47.6323890686035	-122.312492370605
1379819009000	1379746800000	21670614	3222.13737503458	675	47.6143608093262	-122.330047607422
1379818919000	1379746800000	21670614	2983.09330498145	649	47.6152267456055	-122.327270507812
1379818830000	1379746800000	21670614	2750.90438317395	622	47.6152267456055	-122.324073791504
1379818739000	1379746800000	21670614	2410.64485492829	622	47.6152458190918	-122.319610595703
1379818648000	1379746800000	21670614	2380.62574091011	539	47.6152458190918	-122.319282531738
1379818559000	1379746800000	21670614	2335.59706988286	462	47.6152496337891	-122.318618774414
1379818469000	1379746800000	21670614	2275.37886607114	387	47.6152572631836	-122.317909240723
1379818378000	1379746800000	21670614	1904.09100932148	387	47.6152839660645	-122.31339263916
1379818289000	1379746800000	21670614	1760.44237989224	346	47.6165084838867	-122.312759399414
1379818198000	1379746800000	21670614	1314.17327106821	366	47.6205101013184	-122.312713623047
1379818109000	1379746800000	21670614	997.24634148115	319	47.6234664916992	-122.312622070312
1379818019000	1379746800000	21670614	751.018977283631	261	47.6256942749023	-122.31258392334
1379817929000	1379746800000	21670614	436.125085648673	212	47.628475189209	-122.312561035156
