downtown 47.609982 -122.335365 1.76
northgate 47.06267 -122.324831 0.46
greenwood 47.694454 -122.355522 1.27
fremont 47.657034 -122.354271 1.08
queenanne 47.6348 -122.35947 1.62
columbiacity 47.563728 -122.289003 1.24
ranierbeach 47.512737 -122.261617 1.24
capitolhill 47.62676 -122.31604 1.57
wallingford 47.659722 -122.333893 1.32
udistrict 47.65978 -122.308401 1.44
lakecity 47.719348 -122.295434 0.56
southpark 47.528445 -122.325752 0.89
bellevue 47.594588 -122.153603 5.56
renton 47.484729 -122.192398 3.68